00000000110001011000000010110011
0000010110000101
1100110000010101
1001000010000110
01000000000100001000000010110011
00000000000100001001000010110011
00000000000100001010000010110011
00000000000100001011000010110011
00000000000100001100000010110011
00000000000100001101000010110011
01000000000100001101000010110011
00000000000100001110000010110011
00000000000100001111000010110011
00000000000100010111000010010011
11111111111100010100000010010011
00000000000100010001000010010011
00000000000100010101000010010011
01000000000100010101000010010011
1111110001011101
0101010001000000
1100100101000100
